153
	256  364
	256  332
	256  299
	256  266
	256  234
	256  201
	256  168
	256  135
	256  102
	279  369
	280  335
	280  301
	280  267
	280  233
	280  199
	280  165
	280  131
	280  96
	305  374
	306  339
	306  304
	306  268
	306  233
	306  197
	306  162
	306  126
	306  90
	334  380
	334  343
	334  306
	334  269
	334  232
	334  195
	334  158
	334  121
	334  83
	365  386
	365  347
	365  309
	365  270
	365  232
	365  193
	365  154
	365  115
	366  76
	398  393
	398  352
	399  312
	399  272
	399  231
	399  190
	399  150
	399  109
	400  68
	435  400
	436  358
	436  315
	436  273
	436  230
	436  188
	437  145
	437  102
	437  59
	232  369
	231  335
	231  301
	231  267
	231  233
	231  199
	231  165
	231  131
	231  96
	206  374
	205  339
	205  304
	205  268
	205  233
	205  197
	205  162
	205  126
	205  90
	177  380
	177  343
	177  306
	177  269
	177  232
	177  195
	177  158
	177  121
	177  83
	146  386
	146  347
	146  309
	146  270
	146  232
	146  193
	146  154
	146  115
	145  76
	113  393
	113  352
	112  312
	112  272
	112  231
	112  190
	112  150
	112  109
	111  68
	76  400
	75  358
	75  315
	75  273
	75  230
	75  188
	74  145
	74  102
	74  59
	256  374
	282  380
	310  386
	341  393
	375  400
	413  408
	229  380
	256  386
	284  393
	315  400
	350  408
	389  417
	201  386
	227  393
	256  400
	287  408
	322  417
	361  427
	170  393
	196  400
	224  408
	256  417
	291  427
	330  439
	136  400
	161  408
	189  417
	220  427
	256  439
	295  452
	98  408
	122  417
	150  427
	181  439
	216  452
	256  467
