153
	301  369
	301  333
	301  297
	301  261
	300  226
	300  190
	300  153
	300  117
	300  81
	325  375
	325  338
	325  300
	325  262
	324  224
	324  187
	324  149
	324  111
	324  73
	351  382
	351  343
	351  303
	351  263
	351  223
	351  183
	351  143
	351  103
	351  63
	381  390
	381  348
	381  306
	381  264
	381  222
	381  180
	381  137
	381  95
	381  52
	414  399
	414  354
	414  310
	414  265
	414  221
	414  176
	414  131
	414  86
	414  41
	451  408
	451  361
	451  314
	452  266
	452  219
	452  171
	452  123
	452  75
	452  27
	494  420
	494  369
	494  319
	494  268
	495  217
	495  166
	495  115
	495  63
	495  12
	272  373
	272  336
	272  299
	272  262
	272  225
	271  188
	271  150
	271  113
	271  75
	241  378
	241  340
	241  301
	241  263
	241  224
	240  186
	240  147
	240  108
	240  69
	208  383
	208  344
	208  304
	207  264
	207  224
	207  184
	207  143
	207  103
	206  62
	172  389
	172  348
	172  306
	171  265
	171  223
	171  181
	171  139
	170  97
	170  55
	133  395
	133  352
	133  309
	132  266
	132  222
	132  179
	131  135
	131  91
	131  48
	91  402
	91  357
	90  312
	90  267
	90  221
	89  176
	89  130
	89  85
	88  39
	295  380
	321  388
	350  396
	383  406
	420  416
	462  429
	264  385
	289  394
	317  403
	349  413
	385  425
	427  439
	229  391
	253  400
	281  410
	312  422
	347  435
	389  450
	192  397
	215  407
	241  418
	271  431
	305  445
	345  462
	152  404
	173  415
	197  427
	225  441
	258  457
	296  476
	108  412
	127  423
	149  437
	174  452
	205  471
	241  492
