153
	   255.5000000000000     364.1956521739147
	   255.5000000000000     331.6622156280927
	   255.5000000000000     299.0643564356453
	   255.5000000000000     266.4018830525289
	   255.5000000000000     233.6746031746048
	   255.5000000000000     200.8823237338647
	   255.5000000000000     168.0248508946339
	   255.5000000000000     135.1019900497530
	   255.5000000000000     102.1135458167349
	   279.4833128866148     368.9757253269960
	   279.5079843069405     335.1456507553039
	   279.5327065380754     301.2459031188363
	   279.5574797371487     267.2762669581275
	   279.5823040619382     233.2365259244024
	   279.6071796708734     199.1264627749833
	   279.6321067230392     164.9458593686687
	   279.6570853781791     130.6944966610829
	   279.6821157966989      96.3721546999969
	   305.4634438807186     374.1537808886094
	   305.5169827432671     338.9194227479193
	   305.5706364691800     303.6094720988166
	   305.6244054284995     268.2236854135095
	   305.6782899928591     232.7618181170208
	   305.7322905354919     197.2236245815527
	   305.7864074312397     161.6088581208160
	   305.8406410565610     125.9172709843219
	   305.8949917895403      90.1486143516376
	   333.7006039396893     379.7816810605025
	   333.7880446302838     343.0214085207243
	   333.8756810849225     306.1788363150866
	   333.9635139617631     269.2536877525423
	   334.0515439219169     232.2456849003414
	   334.1397716294654     195.1545485770570
	   334.2281977514769     157.9799983455654
	   334.3168229580237     120.7217525059779
	   334.4056479221983      83.3795280885258
	   364.5022688493081     385.9207083166930
	   364.6296918287838     347.4963730099860
	   364.7574130702789     308.9820969414798
	   364.8854336222441     270.3775639514106
	   365.0137545380498     231.6824563964566
	   365.1423768760151     192.8964551410257
	   365.2713016994369     154.0192395484822
	   365.4005300766192     115.0504874723113
	   365.5300630809024      75.9898752472207
	   398.2344212286800     392.6438060282803
	   398.4092239766047     352.3976095053158
	   398.5844554013315     312.0527153873281
	   398.7601170816921     271.6087601676315
	   398.9362106042808     231.0653785522691
	   399.1127375635023     190.4222034490144
	   399.2896995616203     149.6788659562928
	   399.4670982088051     108.8349953520195
	   399.6449351231832      67.8902190823561
	   435.3361615099552     400.0384905528731
	   435.5674160069676     357.7890721840383
	   435.7992660182483     315.4308553624614
	   436.0317138470678     272.9634192883574
	   436.2647618085900     230.3863409891037
	   436.4984122299484     187.6991953051972
	   436.7326674503244     144.9015548761025
	   436.9675298210247     101.9929901259904
	   437.2030017055602      58.9730692493648
	   231.5166871133852     368.9757253269960
	   231.4920156930595     335.1456507553039
	   231.4672934619246     301.2459031188363
	   231.4425202628513     267.2762669581275
	   231.4176959380618     233.2365259244024
	   231.3928203291266     199.1264627749833
	   231.3678932769608     164.9458593686687
	   231.3429146218209     130.6944966610829
	   231.3178842033011      96.3721546999969
	   205.5365561192814     374.1537808886094
	   205.4830172567329     338.9194227479193
	   205.4293635308200     303.6094720988166
	   205.3755945715005     268.2236854135095
	   205.3217100071409     232.7618181170208
	   205.2677094645081     197.2236245815527
	   205.2135925687603     161.6088581208160
	   205.1593589434390     125.9172709843219
	   205.1050082104597      90.1486143516376
	   177.2993960603107     379.7816810605025
	   177.2119553697162     343.0214085207243
	   177.1243189150775     306.1788363150866
	   177.0364860382369     269.2536877525423
	   176.9484560780831     232.2456849003414
	   176.8602283705346     195.1545485770570
	   176.7718022485231     157.9799983455654
	   176.6831770419763     120.7217525059779
	   176.5943520778017      83.3795280885258
	   146.4977311506919     385.9207083166930
	   146.3703081712162     347.4963730099860
	   146.2425869297211     308.9820969414798
	   146.1145663777559     270.3775639514106
	   145.9862454619502     231.6824563964566
	   145.8576231239849     192.8964551410257
	   145.7286983005631     154.0192395484822
	   145.5994699233808     115.0504874723113
	   145.4699369190976      75.9898752472207
	   112.7655787713200     392.6438060282803
	   112.5907760233953     352.3976095053158
	   112.4155445986685     312.0527153873281
	   112.2398829183079     271.6087601676315
	   112.0637893957192     231.0653785522691
	   111.8872624364977     190.4222034490144
	   111.7103004383797     149.6788659562928
	   111.5329017911949     108.8349953520195
	   111.3550648768168      67.8902190823561
	    75.6638384900448     400.0384905528731
	    75.4325839930324     357.7890721840383
	    75.2007339817517     315.4308553624614
	    74.9682861529322     272.9634192883574
	    74.7352381914100     230.3863409891037
	    74.5015877700516     187.6991953051972
	    74.2673325496756     144.9015548761025
	    74.0324701789753     101.9929901259904
	    73.7969982944398      58.9730692493648
	   255.5000000000000     374.1537808886094
	   281.5668679798964     379.7816810605025
	   310.0011344246541     385.9207083166930
	   341.1406527372080     392.6438060282803
	   375.3907743399701     400.0384905528731
	   413.2420912065839     408.2106818903320
	   229.4331320201036     379.7816810605025
	   255.5000000000000     385.9207083166930
	   284.0468842457360     392.6438060282803
	   315.4453871699850     400.0384905528731
	   350.1452547239503     408.2106818903320
	   388.6960570036123     417.2898096982980
	   200.9988655753459     385.9207083166930
	   226.9531157542640     392.6438060282803
	   255.5000000000000     400.0384905528731
	   287.0484182413168     408.2106818903320
	   322.0980285018061     417.2898096982980
	   361.2659066935827     427.4357191514155
	   169.8593472627920     392.6438060282803
	   195.5546128300150     400.0384905528731
	   223.9515817586832     408.2106818903320
	   255.5000000000000     417.2898096982980
	   290.7553022311942     427.4357191514155
	   330.4115951995016     438.8481630177100
	   135.6092256600299     400.0384905528731
	   160.8547452760497     408.2106818903320
	   188.9019714981939     417.2898096982980
	   220.2446977688058     427.4357191514155
	   255.5000000000000     438.8481630177100
	   295.4492718313914     451.7800851236476
	    97.7579087934161     408.2106818903320
	   122.3039429963877     417.2898096982980
	   149.7340933064173     427.4357191514155
	   180.5884048004984     438.8481630177100
	   215.5507281686086     451.7800851236476
	   255.5000000000000     466.5565879914090
