153
	   300.7298794913864     368.8080113025445
	   300.6651362157048     333.1090956266564
	   300.6002543752868     297.3337764820645
	   300.5352335248179     261.4818083258710
	   300.4700732170731     225.5529445618928
	   300.4047730029069     189.5469375350082
	   300.3393324312432     153.4635385254662
	   300.2737510490646     117.3024977431600
	   300.2080284014020      81.0635643218625
	   324.6350007611028     375.1113427712948
	   324.5937961301761     337.5838990075627
	   324.5524987727395     299.9720038409716
	   324.5111083754341     262.2753718774455
	   324.4696246234875     224.4937164355154
	   324.4280472007058     186.6267495390512
	   324.3863757894654     148.6741819099455
	   324.3446100707053     110.6357229607473
	   324.3027497239185      72.5110807872451
	   351.1286829301636     382.0972291282433
	   351.1166359104360     342.5438296323516
	   351.1045603089000     302.8965888618029
	   351.0924560237184     263.1551724593571
	   351.0803229525695     223.3192444774615
	   351.0681609926446     183.3884673687851
	   351.0559700406446     143.3625019766842
	   351.0437499927773     103.2410075256001
	   351.0315007447548      63.0236416113885
	   380.6554460133003     389.8828819518517
	   380.6796985739292     348.0723002290915
	   380.7040119761970     306.1568296100818
	   380.7283864493385     264.1360749018874
	   380.7528222237416     222.0096389237703
	   380.7773195309544     179.7771224946753
	   380.8018786036927     137.4381244206219
	   380.8264996758472      94.9922414819998
	   380.8511829824910      52.4390684207688
	   413.7677699502154     398.6139798249849
	   413.8375009150558     354.2730087748202
	   413.9074174614131     309.8140289650323
	   413.9775203311326     265.2365686663240
	   414.0478102700187     220.5401536317831
	   414.1182880278616     175.7243070800651
	   414.1889543584637     130.7885496784394
	   414.2598100196668      85.7323995257005
	   414.3308557733787      40.5553721349411
	   451.1609883391607     408.4738691570455
	   451.2881429289185     361.2765041690355
	   451.4156578644295     313.9453856919294
	   451.5435346796530     266.4799443491990
	   451.6717749172673     218.8796075280113
	   451.8003801287317     171.1437993562018
	   451.9293518743489     123.2719406790516
	   452.0586917233284      75.2634490358649
	   452.1884012538499      27.1177386363461
	   493.7226510764737     419.6965801848413
	   493.9229976034672     369.2494785238067
	   494.1239512530483     318.6495038614178
	   494.3255147891069     267.8959602522924
	   494.5276909923351     216.9881475202943
	   494.7304826603550     165.9253612263346
	   494.9338926078476     114.7068926358797
	   495.1379236666833      63.3320286861606
	   495.3425786860531      11.8000519530819
	   271.9786855608256     373.2972683041914
	   271.8798230760800     336.3376031196868
	   271.7807414938263     299.2960284974242
	   271.6814400849158     262.1722718457053
	   271.5819181169608     224.9660593619209
	   271.4821748543164     187.6771160258199
	   271.3822095580628     150.3051655927331
	   271.2820214859864     112.8499305867512
	   271.1816098925623      75.3111322938574
	   241.1162031755908     378.1161852323281
	   240.9782903136380     339.8034618923793
	   240.8400605634957     301.4027057949159
	   240.7015128317167     262.9136131760924
	   240.5626460198173     224.3358788729063
	   240.4234590242481     185.6691963151332
	   240.2839507363652     146.9132575172059
	   240.1441200424003     108.0677530700371
	   240.0039658234315      69.1323721327858
	   207.9010105737054     383.3024580636127
	   207.7182640084860     343.5338449395852
	   207.5350814955197     303.6703625234128
	   207.3514614729930     263.7116709391300
	   207.1674023716228     223.6574286853238
	   206.9829026146119     183.5072926254051
	   206.7979606176042     143.2609179778100
	   206.6125747886392     102.9179583061306
	   206.4267435281063      62.4780655091748
	   172.0534192674173     388.8997578019332
	   171.8190208781344     347.5602376655659
	   171.5840411113741     306.1181832668873
	   171.3484778014681     264.5732126591868
	   171.1123287719781     222.9249419963608
	   170.8755918356293     181.1729855210907
	   170.6382647942425     139.3169555529331
	   170.4003454386663      97.3564624763208
	   170.1618315487083      55.2911147284733
	   133.2475793364154     394.9589631704402
	   132.9534456603230     351.9193287132471
	   132.6585522659484     308.7685271241887
	   132.3628962060694     265.5061271457070
	   132.0664745181993     222.1316952866837
	   131.7692842244886     178.6447958079612
	   131.4713223316247     135.0449907077511
	   131.1725858307317      91.3318397069283
	   130.8730716972692      47.5049002342121
	    91.1015461222211     401.5397116136327
	    90.7380347661210     356.6541311360032
	    90.3735439788816     311.6476126615495
	    90.0080697967499     266.5196667548214
	    89.6416082345561     221.2698013358110
	    89.2741552855678     175.8975216620667
	    88.9057069213449     130.4023303106621
	    88.5362590915915      84.7837271600184
	    88.1658077240082      39.0412093715782
	   295.2437493595117     380.0749097135605
	   321.1273299576524     387.6153845303374
	   350.0978658915097     396.0551595378753
	   382.7426159704653     405.5653165633690
	   419.8078837479537     416.3632707796925
	   462.2567694402180     428.7295951508173
	   263.5747642119673     385.4231381923568
	   288.6647533554271     393.5862333319763
	   316.8774299350734     402.7653031891269
	   348.8344517204779     413.1626057834626
	   385.3342157942621     425.0379017433109
	   427.4194738084637     438.7304531103534
	   229.3525957712536     391.2025458686076
	   253.4251311367195     400.0678647401361
	   280.6302105999288     410.0868220583011
	   311.6218409402124     421.5002723303196
	   347.2497028557949     434.6211319239268
	   388.6382474414493     449.8635083421034
	   192.2555149378685     397.4674660505764
	   215.0361921581919     407.1287506674847
	   240.9227986311270     418.1072597996807
	   270.5969996429950     430.6920876773717
	   304.9556809400436     445.2636035222252
	   345.2031664078074     462.3325610627872
	   151.9053673511486     404.2817610916558
	   173.0560142436681     414.8501739563662
	   197.2348899586127     426.9317118146920
	   225.1424875547516     440.8763923229043
	   257.7134027654826     457.1512079858818
	   296.2230451478568     476.3934468657347
	   107.8546362375836     411.7210072043983
	   126.9559354433200     423.3293715146293
	   148.9363594952036     436.6874560794217
	   174.4999184219514     452.2231063978372
	   204.6005188100027     470.5160367109880
	   240.5636411145709     492.3717765194850
